5.064358115196228027e-01
3.065606653690338135e-01
3.342889249324798584e-01
3.204712867736816406e-01
2.808719575405120850e-01
2.528709769248962402e-01
1.516259610652923584e-01
1.739568859338760376e-01
1.758956462144851685e-01
1.451182812452316284e-01
1.162088140845298767e-01
1.722968071699142456e-01
1.315743774175643921e-01
1.100761890411376953e-01
1.927380263805389404e-01
1.352665126323699951e-01
1.275856047868728638e-01
1.567352861166000366e-01
1.024792045354843140e-01
1.854615509510040283e-01
1.709958314895629883e-01
1.353579014539718628e-01
1.626767814159393311e-01
1.629806160926818848e-01
2.496203482151031494e-01
1.546456068754196167e-01
1.524217277765274048e-01
1.490188837051391602e-01
1.558175235986709595e-01
2.021096944808959961e-01
1.678837537765502930e-01
1.434807479381561279e-01
1.850054413080215454e-01
2.131461650133132935e-01
1.522604525089263916e-01
1.661563813686370850e-01
1.638132333755493164e-01
1.327192485332489014e-01
1.668857336044311523e-01
9.153789281845092773e-02
2.039743661880493164e-01
1.569899022579193115e-01
1.312428265810012817e-01
2.147672921419143677e-01
1.389505565166473389e-01
1.230209246277809143e-01
1.537371426820755005e-01
9.368233382701873779e-02
2.368672639131546021e-01
1.576747596263885498e-01
1.943693608045578003e-01
1.718878448009490967e-01
1.515295803546905518e-01
1.967155337333679199e-01
1.907807439565658569e-01
1.571907252073287964e-01
2.521029412746429443e-01
1.633346974849700928e-01
1.463743001222610474e-01
1.169673949480056763e-01
1.957528889179229736e-01
1.391395181417465210e-01
1.520183384418487549e-01
8.950482308864593506e-02
1.386878490447998047e-01
1.607401072978973389e-01
1.359490901231765747e-01
1.268951594829559326e-01
1.072306185960769653e-01
1.030470356345176697e-01
1.531545221805572510e-01
1.957431137561798096e-01
1.198794692754745483e-01
1.014740839600563049e-01
1.269339770078659058e-01
1.493521481752395630e-01
1.805053502321243286e-01
1.705746650695800781e-01
1.223613768815994263e-01
1.536313742399215698e-01
8.545341342687606812e-02
1.946633756160736084e-01
1.238955855369567871e-01
1.354165971279144287e-01
1.335962414741516113e-01
1.257470250129699707e-01
1.363888829946517944e-01
1.261727809906005859e-01
1.279595196247100830e-01
1.070329174399375916e-01
1.579024493694305420e-01
1.322856396436691284e-01
1.179153919219970703e-01
1.283622235059738159e-01
1.161066293716430664e-01
1.881660521030426025e-01
1.662536710500717163e-01
1.372527033090591431e-01
1.373300254344940186e-01
1.650697886943817139e-01
1.332220286130905151e-01
1.070407256484031677e-01
1.094533652067184448e-01
1.037694364786148071e-01
1.295958161354064941e-01
1.233263835310935974e-01
1.141947507858276367e-01
1.682108640670776367e-01
1.771132349967956543e-01
1.362379491329193115e-01
7.564753293991088867e-02
1.531740128993988037e-01
1.337840706110000610e-01
1.784905791282653809e-01
1.618641316890716553e-01
2.323383539915084839e-01
1.321470290422439575e-01
1.522568166255950928e-01
1.512650847434997559e-01
1.166444644331932068e-01
1.405031681060791016e-01
1.593566536903381348e-01
1.438264846801757812e-01
1.445085257291793823e-01
1.672439575195312500e-01
1.631659567356109619e-01
1.295754909515380859e-01
1.697164028882980347e-01
1.133273020386695862e-01
1.566004902124404907e-01
1.194354891777038574e-01
9.433807432651519775e-02
1.802342832088470459e-01
1.374787390232086182e-01
1.440622508525848389e-01
1.453123390674591064e-01
1.395897269248962402e-01
9.623412787914276123e-02
2.141062915325164795e-01
1.234067827463150024e-01
1.506285071372985840e-01
1.103269606828689575e-01
1.472553014755249023e-01
1.693593561649322510e-01
1.533357799053192139e-01
1.565111726522445679e-01
1.556870043277740479e-01
1.028757840394973755e-01
1.367060393095016479e-01
1.286018639802932739e-01
1.800272315740585327e-01
9.540563821792602539e-02
1.354771554470062256e-01
1.677607893943786621e-01
1.838466823101043701e-01
1.392483413219451904e-01
1.482905447483062744e-01
1.728184670209884644e-01
1.469437777996063232e-01
2.166562080383300781e-01
1.037994027137756348e-01
1.924797296524047852e-01
1.472000181674957275e-01
1.466267406940460205e-01
1.233417168259620667e-01
1.399783790111541748e-01
1.527043879032135010e-01
1.184462457895278931e-01
1.001839190721511841e-01
1.118302121758460999e-01
1.709029972553253174e-01
1.777911484241485596e-01
1.606942117214202881e-01
1.068793088197708130e-01
1.597789525985717773e-01
1.537880003452301025e-01
1.623428761959075928e-01
1.529873013496398926e-01
2.304194718599319458e-01
2.081205844879150391e-01
1.277708113193511963e-01
1.978601068258285522e-01
1.300467550754547119e-01
1.430978327989578247e-01
1.489151716232299805e-01
1.362841278314590454e-01
1.903704553842544556e-01
1.366709917783737183e-01
1.602554768323898315e-01
1.331465244293212891e-01
9.303785115480422974e-02
1.520362347364425659e-01
1.481201797723770142e-01
1.196441203355789185e-01
1.375202983617782593e-01
1.013381257653236389e-01
1.604293882846832275e-01
1.449710279703140259e-01
9.332926571369171143e-02
1.523383259773254395e-01
